22704	10954	3932	1550	672	414	190	114	78	64	24	18	22	20	36	2	0	0	5	10	0	0	0	0	0	20	0	0	0	0	0	0	0	0	0	0	0	0	0	0	0	0	0	0	0	0	0	0	0	0	0	0	0	0	0	0	0	0	0	0
40266	38980	16368	5714	2116	1101	691	427	260	127	67	82	50	55	35	6	63	0	5	1	42	20	0	0	5	0	10	0	0	0	0	0	0	0	0	0	0	0	0	0	0	0	0	0	0	0	0	0	0	0	0	0	0	0	0	0	0	0	0	0
39219	49753	40315	18001	5401	2291	1429	856	611	338	206	194	99	85	80	44	20	57	31	21	20	10	40	0	0	0	0	15	10	0	0	0	0	0	10	0	0	0	10	0	0	0	0	0	0	0	0	0	0	0	0	0	0	0	0	0	0	0	0	0
29500	44788	47212	39429	16730	6270	3211	1910	762	438	343	361	247	193	99	94	62	90	34	36	40	35	10	5	21	15	0	0	20	0	20	0	0	10	0	0	0	0	0	10	0	0	0	0	0	0	0	0	0	0	0	0	0	0	0	0	0	0	0	0
18952	32860	40103	43488	36265	15318	6076	2872	1552	1246	781	511	306	302	182	184	98	30	112	102	63	37	12	24	4	10	0	0	5	25	10	10	0	2	22	0	0	0	0	0	0	0	0	0	0	0	0	0	0	0	0	0	0	0	0	0	0	0	0	0
11974	21933	29687	35575	37447	26768	11344	6097	2635	1445	1047	710	567	405	291	255	197	149	168	134	42	27	9	24	26	30	42	7	27	22	0	10	0	0	0	0	0	5	0	0	0	0	0	0	0	0	0	0	0	0	0	0	0	0	0	0	0	0	0	0
8171	15514	20001	23787	26806	24410	17361	9023	4240	2633	1503	923	695	621	368	285	253	235	142	172	51	69	69	29	90	33	35	21	20	0	5	0	0	0	0	0	0	0	0	0	0	0	0	0	0	0	0	0	0	0	0	0	0	0	0	0	0	0	0	0
5658	10320	13748	17626	20256	20591	17310	13634	5110	3314	2178	1830	1019	585	551	490	285	277	229	159	100	90	45	15	43	10	20	20	0	15	0	0	1	5	0	20	0	0	2	0	0	0	0	0	0	0	0	0	0	0	0	0	0	0	0	0	0	0	0	0
2948	5502	7373	9310	11540	12269	10513	9527	5758	3289	2358	1533	889	903	708	531	277	324	270	201	162	61	55	24	70	42	20	59	20	10	21	6	5	0	0	10	0	0	0	0	0	0	0	0	0	0	0	0	0	0	0	0	0	0	0	0	0	0	0	0
1835	3637	4947	6243	7474	7939	8312	7989	5088	3550	2651	1828	1159	1100	689	720	428	254	173	191	247	172	97	54	51	45	12	20	45	40	0	25	5	5	0	0	20	0	0	0	0	0	0	0	0	0	0	0	0	0	0	0	0	0	0	0	0	0	0	0
1330	2209	3575	4564	5296	6349	6672	6609	4750	3327	3464	2285	1545	902	714	472	393	275	351	240	227	123	76	64	36	73	69	36	0	10	10	24	47	22	0	2	0	0	0	0	2	0	0	0	0	0	0	0	0	0	0	0	0	0	0	0	0	0	0	0
986	1876	2155	3135	3960	4890	5304	5571	4304	3569	3230	2912	2042	1606	997	757	585	515	327	288	138	147	128	92	110	87	50	25	40	20	32	10	15	0	2	0	5	0	10	0	2	0	0	0	0	0	0	0	0	0	0	0	0	0	0	0	0	0	0	0
530	1506	2175	2486	3260	3402	3481	4299	3230	3001	2760	2589	2273	1392	1076	945	637	631	456	319	251	108	185	100	89	91	58	12	41	13	14	30	12	4	2	0	10	20	5	0	0	0	0	0	0	0	0	0	0	0	0	0	0	0	0	0	0	0	0	0
451	778	1173	1578	2348	2127	2472	3396	2792	2234	2408	2100	1883	1649	1194	840	586	636	534	397	229	320	113	104	123	75	34	57	28	56	15	40	4	12	12	6	30	0	0	0	0	5	0	10	0	2	0	0	0	0	0	0	0	0	0	0	0	0	0	0
341	526	811	1029	1672	1847	1909	2313	1845	2013	1743	2006	1540	1451	1227	902	697	693	507	331	223	200	182	172	118	106	70	82	21	37	23	17	62	3	8	0	15	0	0	10	0	0	0	0	0	10	0	0	0	0	0	0	0	0	0	0	0	0	0	0
272	440	520	815	1116	1418	1665	1753	1501	1490	1805	1688	1270	1566	1368	1159	833	661	513	415	298	329	306	186	110	117	77	29	39	40	30	20	38	15	7	12	20	0	0	0	0	0	0	0	0	0	0	0	0	0	0	0	0	0	0	0	0	0	0	0
140	355	554	830	1069	1235	1424	1809	1579	1442	1416	1484	1262	1164	1207	1108	959	814	624	483	372	385	263	230	183	159	141	122	59	49	43	42	28	25	0	0	0	0	1	2	0	0	0	0	0	0	0	0	0	0	0	0	0	0	0	0	0	0	0	0
192	380	293	528	661	878	1208	1302	1076	1025	1188	1284	1123	1115	1122	739	1023	853	622	591	523	287	293	329	218	149	92	123	56	56	34	45	3	3	3	2	2	2	0	10	0	2	0	0	2	0	0	0	0	0	0	0	0	0	0	0	0	0	0	0
139	262	426	396	642	740	951	943	851	838	1047	1218	1286	1075	1055	871	1085	794	825	659	515	352	395	303	187	318	175	64	98	108	79	63	51	2	22	20	10	10	2	20	30	2	2	1	0	0	0	0	0	0	5	0	0	0	0	0	0	0	0	0
95	163	227	303	414	592	792	1106	667	849	1013	754	882	853	866	1017	827	988	661	945	714	394	223	466	150	274	122	159	95	71	105	34	11	22	0	47	11	17	0	10	15	0	0	0	0	0	0	0	0	0	0	0	0	0	0	0	0	0	0	5
64	102	194	280	330	509	500	728	669	906	805	814	735	924	735	773	797	817	671	694	590	489	437	395	405	244	175	237	205	90	105	75	56	33	47	10	30	2	0	5	0	0	0	0	10	0	0	0	0	0	0	2	0	0	0	0	0	0	0	0
74	82	225	253	200	319	504	570	516	679	620	662	601	670	698	682	532	615	805	753	651	691	390	481	482	303	319	236	177	129	89	97	69	44	38	60	10	25	2	0	12	1	10	10	1	2	2	0	0	0	0	0	0	0	0	0	0	0	0	0
66	82	81	147	289	408	412	557	552	546	607	710	705	654	844	736	547	751	789	838	831	552	572	449	560	322	273	190	194	142	160	43	161	57	98	72	41	27	33	5	12	7	0	0	2	0	1	10	10	0	0	0	0	0	0	0	0	0	0	0
67	75	73	107	242	288	301	414	526	514	421	577	564	528	556	693	475	618	749	777	604	541	597	772	592	426	423	355	209	186	171	81	59	79	39	41	44	57	17	20	10	17	15	5	0	0	10	0	0	0	0	0	0	0	0	0	0	0	0	0
80	32	55	180	188	232	406	298	262	454	529	603	539	610	573	672	697	625	735	694	695	628	595	558	460	502	479	480	271	230	248	214	111	149	101	56	56	52	10	29	2	5	5	0	0	0	0	20	0	5	0	0	0	0	0	0	0	0	0	0
49	63	137	94	183	218	237	252	303	301	294	584	609	392	551	629	501	576	569	675	599	544	651	440	651	584	415	429	481	291	230	274	172	63	120	114	61	37	10	25	45	0	10	20	2	0	5	5	1	0	0	0	0	0	2	0	0	0	0	0
52	30	31	70	151	160	250	185	215	270	306	241	427	306	433	358	551	531	515	453	642	521	624	502	696	504	581	384	391	367	299	236	235	161	126	44	71	25	49	20	27	20	2	32	0	2	0	0	0	0	0	0	6	0	0	0	0	0	0	0
62	32	87	81	58	92	147	171	220	128	282	377	366	321	351	379	436	403	546	557	492	560	587	398	465	593	657	712	527	361	278	386	118	209	164	67	67	54	32	64	17	20	42	0	0	2	0	5	10	12	1	0	0	0	0	0	0	0	0	0
10	29	77	49	52	95	59	112	222	271	319	230	324	244	228	287	353	365	391	398	448	426	534	431	542	490	637	578	618	344	358	345	237	256	154	126	85	94	52	48	67	53	7	10	10	4	20	0	25	0	0	0	0	0	0	0	0	0	0	0
32	45	33	80	83	88	70	99	162	193	153	282	300	260	345	345	248	369	247	295	366	422	461	563	539	540	577	489	706	547	442	371	343	223	122	214	175	83	174	54	40	30	5	21	3	5	0	0	0	0	0	0	0	0	0	0	0	0	0	0
18	15	25	6	70	136	88	108	114	117	147	232	182	218	268	182	297	403	383	371	414	340	307	502	470	574	546	589	516	609	446	478	257	321	245	184	102	71	79	56	32	4	7	45	26	5	25	0	0	0	0	0	10	10	0	0	0	0	0	0
21	10	14	73	1	64	105	149	102	128	111	183	162	183	269	193	246	258	196	229	346	351	312	401	417	371	574	482	654	679	526	624	310	301	307	173	158	126	108	50	103	60	47	20	30	5	22	2	0	0	0	5	0	0	0	0	0	0	0	0
4	21	30	31	19	89	45	138	128	75	124	176	195	157	188	186	224	174	277	335	344	187	309	268	413	407	437	532	551	472	419	479	540	363	282	299	124	121	166	124	31	51	63	41	5	13	3	11	0	0	0	10	15	2	0	0	4	0	0	0
10	20	57	20	44	19	106	71	52	90	59	69	69	143	209	180	177	66	156	220	219	268	207	253	354	531	448	515	569	553	577	558	648	346	313	338	262	194	96	114	107	36	20	87	27	85	17	25	10	22	10	0	0	10	0	0	0	0	0	0
0	0	5	10	7	10	42	40	30	78	47	33	121	56	146	176	69	122	174	167	210	210	251	360	280	390	298	405	460	497	549	381	569	388	335	267	295	244	190	207	136	151	88	52	15	38	22	3	0	5	0	0	10	10	0	0	0	0	0	0
5	10	28	20	10	15	16	34	32	44	29	73	82	34	88	63	93	139	107	151	213	156	371	142	205	258	378	371	334	352	342	393	409	285	460	284	321	293	215	122	76	63	74	74	25	21	17	43	40	2	22	27	7	0	0	0	0	0	0	0
0	22	0	5	62	17	57	32	48	27	23	47	61	55	96	21	127	83	92	71	169	171	161	192	238	223	183	280	327	355	455	413	315	447	320	233	411	301	189	171	137	84	88	74	74	17	57	11	0	6	0	0	2	0	0	0	0	0	0	0
5	0	5	18	32	5	35	4	22	67	56	52	95	35	54	61	82	84	24	78	67	98	135	236	225	201	196	272	340	376	426	174	296	346	294	418	327	286	344	213	139	157	144	84	81	21	46	19	32	10	21	20	0	0	5	0	0	0	0	0
0	20	5	5	37	12	1	13	35	16	6	81	90	57	35	61	74	43	86	102	83	74	138	110	162	214	147	208	241	214	337	251	281	387	371	331	391	322	415	212	206	152	148	85	153	24	42	5	7	5	10	10	0	0	0	10	0	30	0	0
0	7	60	10	0	2	25	32	15	7	35	33	57	31	28	71	56	40	12	176	49	112	92	163	113	221	249	267	377	215	250	399	423	352	343	334	509	406	260	327	261	192	167	98	89	46	81	50	22	35	0	0	10	1	2	5	0	0	0	0
0	2	5	0	5	6	22	45	15	14	20	4	9	30	35	31	55	52	45	24	76	147	110	77	146	128	106	121	161	213	266	276	328	260	251	215	308	220	254	256	220	187	135	75	111	45	49	40	32	25	22	10	12	20	0	0	1	1	0	2
15	5	0	0	45	5	0	30	7	14	40	40	40	21	50	31	7	65	61	23	112	124	86	82	123	201	233	137	232	139	219	293	283	360	181	277	247	343	272	206	246	163	233	109	134	77	67	59	41	31	12	2	20	16	2	2	1	0	0	0
0	0	8	10	20	0	2	32	3	4	6	30	25	2	0	30	40	16	20	72	32	64	68	81	120	78	117	85	157	149	147	202	278	220	284	251	220	249	240	274	287	377	102	159	161	57	49	22	90	6	37	5	21	10	0	6	0	2	15	2
0	20	20	0	2	10	30	35	9	0	30	19	5	5	12	20	58	13	34	55	35	18	25	104	81	67	127	182	79	180	85	195	113	233	255	263	311	276	246	286	332	297	204	249	237	127	164	111	64	28	20	6	55	25	0	30	7	0	10	0
15	20	10	20	0	0	5	5	2	10	10	9	25	10	10	5	20	20	26	0	34	34	137	81	49	85	117	125	147	133	112	201	207	253	290	142	230	197	181	248	275	142	248	251	269	212	107	103	69	35	14	30	2	32	0	1	10	0	0	10
5	0	0	0	0	2	7	0	2	0	0	0	17	0	5	47	13	22	54	1	44	32	20	75	12	64	73	89	58	84	80	35	121	243	189	173	193	206	201	313	231	219	256	237	322	260	161	141	96	34	77	42	33	20	2	0	0	5	0	0
0	5	5	0	0	5	0	20	0	21	0	7	5	5	10	21	40	30	9	16	61	5	50	32	30	60	33	69	48	58	68	87	207	165	225	190	226	119	204	171	264	217	324	181	262	236	210	135	143	61	76	18	29	21	9	27	2	5	0	0
0	0	0	0	10	0	10	15	0	0	5	0	0	0	4	0	12	6	10	7	44	20	1	5	52	40	25	44	52	76	73	79	173	131	160	87	170	185	200	253	95	228	236	185	223	178	254	122	179	102	84	77	42	46	11	5	0	1	0	10
5	0	0	0	0	0	0	0	10	0	5	5	2	3	1	4	35	0	2	25	42	0	12	35	15	62	20	20	99	63	80	128	96	84	113	110	114	111	202	165	107	201	199	219	156	291	270	114	296	111	79	46	17	4	12	7	25	10	7	30
0	0	0	1	0	2	0	0	5	0	30	0	0	0	10	0	26	45	44	7	45	40	13	65	10	47	57	0	40	12	47	20	60	74	87	141	56	128	82	294	189	126	164	193	142	206	123	164	184	125	128	72	30	50	4	10	5	0	10	0
0	0	5	0	0	0	0	0	0	2	2	20	0	0	0	0	0	0	0	2	25	10	15	37	35	29	10	35	12	80	38	41	74	86	81	74	52	66	78	83	162	138	205	203	235	149	132	200	117	182	153	122	38	141	52	35	15	10	0	0
10	0	2	0	0	0	0	0	0	0	0	0	10	10	0	12	0	0	26	0	22	35	20	5	20	27	37	13	27	7	3	47	40	58	129	46	56	92	84	92	112	160	79	194	165	159	325	119	152	148	136	212	128	63	51	0	3	21	5	20
0	0	0	20	0	0	0	0	0	0	0	25	0	10	0	0	0	0	0	25	27	17	0	40	2	4	0	26	25	25	35	7	23	54	25	75	42	55	78	96	144	85	137	124	149	81	140	142	233	120	164	114	162	51	51	43	22	3	8	5
0	0	0	0	20	0	0	2	0	0	10	0	0	0	10	10	40	0	0	10	2	2	10	0	2	11	5	8	17	20	1	28	11	40	32	12	35	12	38	48	85	86	75	72	170	135	139	183	149	64	91	124	140	116	80	22	36	87	32	2
0	0	20	0	0	0	0	0	0	20	10	0	10	1	0	0	5	0	10	0	5	10	5	10	0	0	5	20	0	2	40	21	42	40	33	33	67	41	65	38	36	127	101	69	118	55	91	173	98	180	121	110	78	49	117	56	77	1	17	20
0	0	0	0	0	20	0	0	5	0	0	0	0	0	0	0	0	0	0	0	0	5	0	0	10	0	10	10	26	7	10	42	7	0	57	35	42	57	13	35	22	78	33	23	86	96	44	80	99	107	98	116	116	146	57	49	27	7	15	16
0	0	0	0	0	0	0	0	2	0	0	0	0	0	0	0	0	1	0	0	0	10	0	0	0	0	0	25	0	45	21	2	13	0	25	18	18	30	20	52	75	39	22	21	66	40	111	126	69	92	198	132	169	60	134	11	49	36	36	12
0	0	0	0	0	0	0	0	0	0	0	0	0	0	10	0	0	0	2	0	0	0	0	0	0	0	5	10	0	10	0	2	12	25	22	20	12	4	46	42	50	112	84	53	89	97	57	108	160	185	120	101	99	55	88	88	69	47	1	20
0	0	0	0	0	0	10	0	0	0	0	0	0	0	0	0	0	0	0	0	0	5	5	0	0	0	25	2	2	20	31	0	0	6	15	5	11	7	15	27	6	28	19	15	44	34	66	68	58	73	108	75	101	97	72	77	71	59	22	32
0	0	0	0	0	0	0	0	0	0	0	0	0	0	0	1	0	0	0	0	0	0	0	0	2	0	5	0	10	0	20	10	5	5	2	1	10	53	12	0	0	65	46	80	22	14	8	86	80	104	44	39	86	54	59	35	23	56	38	37
